01010110111001011111010010000011001111100000101110110100001111101111001000101100111010010010110000000010001011101110111101101111110110010011010010110011011110011011111010010000001011001001111001110110100110101011000011011000010101111000111100100110000010101101110000011111010101100
10010011011001011010100011001100111110010111010101000010011101110110000011010100111000001110110110000000000110000101010100001101010010010001100001011001011001000011110010011011111000111000110110110101101101001010101111010000001111111010111111011101010111111111000100101011001000010
00001101011100101101011100011000011010011111000000110000111100110010000100001110011001001111110011110000010110010000100101100001100011100001001111100011010110110001111101100111000110111100000110000000011010010000000101100010001010001100010111100110101100010111111000111010100011010
00000000000000000000000000000000000000000000000000000000000000000000000000000000000000000000000000000000000000000000000000000000000000000000000000000000000000000000000000000000000000000000000000000000000000000000000000000000000000000000000000000000000000000000000000000000000000001

00001101011100101101011100011000011010011111000000110000111100110010000100001110011001001111110011110000010110010000100101100001100011100001001111100011010110110001111101100111000110111100000110000000011010010000000101100010001010001100010111100110101100010111111000111010100011010


01100000101111101101011111010101001011101101110010101101101001110010010010001100011100000001110011011001111011110001000010001111001100010010110101110100100001100011000100011011101100010010110011001101000011000101011011101010000111100000011101001111010101110110011110011110010101110
10111001011001100011000111000111101101010010010001111110011101100111001011011100111011011010110100111011111010110111011110011000100000100111000010111001011000010011000011010101000101111100100001100100001101110111101000010000101101101101110100101110101110100111101100001000010000011
11111110111011110100011101011101000110001101101001110101111001111111001010001101010111010001010100011101110110001111001111011011101101011000111001011111001111110000111010111001111110000100111010000011000000001100001000111011001100111001011010110001011011001010010011110100011100011
11111111111111111111111111111111111111111111111111111111111111111111111111111111111111111111111111111111111111111111111111111111111111111111111111111111111111111111111111111111111111111111111111111111111111111111111111111111111111111111111111111111111111111111111111111111111111110
281,9,4,1,0




01100000101111101101011111010101001011101101110010101101101001110010010010001100011100000001110011011001111011110001000010001111001100010010110101110100100001100011000100011011101100010010110011001101000011000101011011101010000111100000011101001111010101110110011110011110010101110
10111001011001100011000111000111101101010010010001111110011101100111001011011100111011011010110100111011111010110111011110011000100000100111000010111001011000010011000011010101000101111100100001100100001101110111101000010000101101101101110100101110101110100111101100001000010000011
11111110111011110100011101011101000110001101101001110101111001111111001010001101010111010001010100011101110110001111001111011011101101011000111001011111001111110000111010111001111110000100111010000011000000001100001000111011001100111001011010110001011011001010010011110100011100011
11111111111111111111111111111111111111111111111111111111111111111111111111111111111111111111111111111111111111111111111111111111111111111111111111111111111111111111111111111111111111111111111111111111111111111111111111111111111111111111111111111111111111111111111111111111111111110
281,9,4,1,0




01011110100011011010000101011011010100110110100001000011100001101100101100010100101011110001000110000100001011000100000100101011100000101010011111001001101001111100100110110100111000101001110101010101110110000001101001001101001100001011000010001000101010000011011110000110110111010
01111101011101010001010001110011011101011000111010111110101111101100100110010010101101010101101000110101000100110001000011011100011111111010001101110101101110010000101111101010011011111111001111111110100000010111010011001101110001001001000100100101011000111001110110010011110100101
00011101010010001110001101111001110010000111110011111110010110100011010001110111110101001100101111101111000111010011100010001000100001111000000011111100010010100101111001111101101001001001101100101011101101011101010010111011010111001111111011011001001100111100100001111011011001011
11111111111111111111111111111111111111111111111111111111111111111111111111111111111111111111111111111111111111111111111111111111111111111111111111111111111111111111111111111111111111111111111111111111111111111111111111111111111111111111111111111111111111111111111111111111111111110
281,9,4,1,0


01011110100011011010000101011011010100110110100001000011100001101100101100010100101011110001000110000100001011000100000100101011100000101010011111001001101001111100100110110100111000101001110101010101110110000001101001001101001100001011000010001000101010000011011110000110110111010
01111101011101010001010001110011011101011000111010111110101111101100100110010010101101010101101000110101000100110001000011011100011111111010001101110101101110010000101111101010011011111111001111111110100000010111010011001101110001001001000100100101011000111001110110010011110100101
00011101010010001110001101111001110010000111110011111110010110100011010001110111110101001100101111101111000111010011100010001000100001111000000011111100010010100101111001111101101001001001101100101011101101011101010010111011010111001111111011011001001100111100100001111011011001011
11100
281,9,4,1,0


11011101001101001101000101101110001110010011001100011100001011110011111100110110001110110111101111011010010010001010101011000110100110110000101111110111011100000001100011111100100001100110010001101111001111111010011101000110010001100000011110111110100011111010010111100110010001101
00011010011101011001000011111010010001001000000010010111101011100110111011010110001000110100001110010101111011000000011111110101010000111101110101011011100101111110011110111000101111011001011111000001001001010001001010001000100101010000011110101110100011111100100110011111111101000
11111101010000101011100010000100010111011101111101000111011100101100101100111001010011001110010100010000101111101001011100110010010101000110100111010011000010011001000011100001110111110000110100001101100110001000011110010111100010001001110010001010110011111111110110100111011011000
11111111111111111111111111111111111111111111111111111111111111111111111111111111111111111111111111111111111111111111111111111111111111111111111111111111111111111111111111111111111111111111111111111111111111111111111111111111111111111111111111111111111111111111111111111111111111110
281,9,4,1,0

100,6,3,2,1
11,7,4,1,0
110101
281,9,4,1,0


