0101011011100101111101001000001100111110000010111011010000111110111100100010110011101001001011000000001000101110111011110110111111011001001101001011001101111001101111101001000000101100100111100111011010011010101100001101100001010111100011110010011000001010110111000001111101010110010010011011001011010100011001100111110010111010101000010011101110110000011010100111000001110110110000000000110000101010100001101010010010001100001011001011001000011110010011011111000111000110110110101101101001010101111010000001111111010111111011101010111111111000100101011001000010
11111110111011110100011101011101000110001101101001110101111001111111001010001101010111010001010100011101110110001111001111011011101101011000111001011111001111110000111010111001111110000100111010000011000000001100001000111011001100111001011010110001011011001010010011110100011100011
11111111111111111111111111111111111111111111111111111111111111111111111111111111111111111111111111111111111111111111111111111111111111111111111111111111111111111111111111111111111111111111111111111111111111111111111111111111111111111111111111111111111111111111111111111111111111110
281,9,4,1,0


10010011011001011010100011001100111110010111010101000010011101110110000011010100111000001110110110000000000110000101010100001101010010010001100001011001011001000011110010011011111000111000110110110101101101001010101111010000001111111010111111011101010111111111000100101011001000010

0110000010111110110101111101010100101110110111001010110110100111001001001000110001110000000111001101100111101111000100001000111100110001001011010111010010000110001100010001101110110001001011001100110100001100010101101110101000011110000001110100111101010111011001111001111001010111010111001011001100011000111000111101101010010010001111110011101100111001011011100111011011010110100111011111010110111011110011000100000100111000010111001011000010011000011010101000101111100100001100100001101110111101000010000101101101101110100101110101110100111101100001000010000011
11111110111011110100011101011101000110001101101001110101111001111111001010001101010111010001010100011101110110001111001111011011101101011000111001011111001111110000111010111001111110000100111010000011000000001100001000111011001100111001011010110001011011001010010011110100011100011
11111111111111111111111111111111111111111111111111111111111111111111111111111111111111111111111111111111111111111111111111111111111111111111111111111111111111111111111111111111111111111111111111111111111111111111111111111111111111111111111111111111111111111111111111111111111111110
281,9,4,1,0




01011110100011011010000101011011010100110110100001000011100001101100101100010100101011110001000110000100001011000100000100101011100000101010011111001001101001111100100110110100111000101001110101010101110110000001101001001101001100001011000010001000101010000011011110000110110111010
01111101011101010001010001110011011101011000111010111110101111101100100110010010101101010101101000110101000100110001000011011100011111111010001101110101101110010000101111101010011011111111001111111110100000010111010011001101110001001001000100100101011000111001110110010011110100101
00011101010010001110001101111001110010000111110011111110010110100011010001110111110101001100101111101111000111010011100010001000100001111000000011111100010010100101111001111101101001001001101100101011101101011101010010111011010111001111111011011001001100111100100001111011011001011
11111111111111111111111111111111111111111111111111111111111111111111111111111111111111111111111111111111111111111111111111111111111111111111111111111111111111111111111111111111111111111111111111111111111111111111111111111111111111111111111111111111111111111111111111111111111111110
281,9,4,1,0


01011110100011011010000101011011010100110110100001000011100001101100101100010100101011110001000110000100001011000100000100101011100000101010011111001001101001111100100110110100111000101001110101010101110110000001101001001101001100001011000010001000101010000011011110000110110111010
01111101011101010001010001110011011101011000111010111110101111101100100110010010101101010101101000110101000100110001000011011100011111111010001101110101101110010000101111101010011011111111001111111110100000010111010011001101110001001001000100100101011000111001110110010011110100101
00011101010010001110001101111001110010000111110011111110010110100011010001110111110101001100101111101111000111010011100010001000100001111000000011111100010010100101111001111101101001001001101100101011101101011101010010111011010111001111111011011001001100111100100001111011011001011
11100
281,9,4,1,0


11011101001101001101000101101110001110010011001100011100001011110011111100110110001110110111101111011010010010001010101011000110100110110000101111110111011100000001100011111100100001100110010001101111001111111010011101000110010001100000011110111110100011111010010111100110010001101
00011010011101011001000011111010010001001000000010010111101011100110111011010110001000110100001110010101111011000000011111110101010000111101110101011011100101111110011110111000101111011001011111000001001001010001001010001000100101010000011110101110100011111100100110011111111101000
11111101010000101011100010000100010111011101111101000111011100101100101100111001010011001110010100010000101111101001011100110010010101000110100111010011000010011001000011100001110111110000110100001101100110001000011110010111100010001001110010001010110011111111110110100111011011000
11111111111111111111111111111111111111111111111111111111111111111111111111111111111111111111111111111111111111111111111111111111111111111111111111111111111111111111111111111111111111111111111111111111111111111111111111111111111111111111111111111111111111111111111111111111111111110
281,9,4,1,0

100,6,3,2,1
11,7,4,1,0
110101
281,9,4,1,0


